R=1;
Fn=[0 0;1 0.8;2 1.6;3 1.6;4 1.6;5 1.6;6 0.8;7 0;8 0;9 0;10 0];
le=1;
lv=5;
Tin=[1 2;2 2;3 2;4 2;5 2;6 0;7 0;8 0;9 0;10 0];
be=2;
bv=1;
f1=[1 2;2 2;3 2;4 2;5 2;6 0;7 0;8 0;9 0;10 0];
muk=1;
mus=1.5;